<!DOCTYPE html>
<html>
<body>

<canvas id="myCanvas" width="500" height="5000" style="border:1px solid #d3d3d3;">
Your browser does not support the HTML5 canvas tag.</canvas>

<script>
var canvas = document.getElementById("myCanvas");
var ctx = canvas.getContext("2d");


var values = [
[-51.4453 ,-43.1679],
[-51.0476 ,-43.4311],
[-50.653 ,-43.6882],
[-50.2613 ,-43.9394],
[-49.8724 ,-44.1848],
[-49.4861 ,-44.4245],
[-49.1023 ,-44.6586],
[-48.7208 ,-44.8873],
[-48.3416 ,-45.1106],
[-47.9644 ,-45.3287],
[-47.5892 ,-45.5416],
[-47.2157 ,-45.7494],
[-46.8439 ,-45.9524],
[-46.4736 ,-46.1505],
[-46.1047 ,-46.3439],
[-45.7369 ,-46.5327],
[-45.3702 ,-46.717],
[-45.0045 ,-46.8969],
[-44.6395 ,-47.0725],
[-44.2751 ,-47.244],
[-43.9112 ,-47.4114],
[-43.5477 ,-47.5749],
[-43.1843 ,-47.7345],
[-42.821 ,-47.8904],
[-42.4575 ,-48.0426],
[-42.0938 ,-48.1913],
[-41.7296 ,-48.3366],
[-41.3649 ,-48.4786],
[-40.9995 ,-48.6174],
[-40.6332 ,-48.753],
[-40.2659 ,-48.8857],
[-39.8974 ,-49.0154],
[-39.5276 ,-49.1424],
[-39.1564 ,-49.2667],
[-38.7835 ,-49.3884],
[-38.4089 ,-49.5076],
[-38.0325 ,-49.6244],
[-37.6539 ,-49.739],
[-37.2732 ,-49.8513],
[-36.8901 ,-49.9616],
[-36.5046 ,-50.0699],
[-36.1165 ,-50.1763],
[-35.7255 ,-50.281],
[-35.3317 ,-50.3839],
[-34.9349 ,-50.4853],
[-34.5348 ,-50.5852],
[-34.1314 ,-50.6837],
[-33.7246 ,-50.7809],
[-33.3142 ,-50.877],
[-32.9 ,-50.9719],
[-32.4819 ,-51.0659],
[-32.0598 ,-51.159],
[-31.6336 ,-51.2513],
[-31.2031 ,-51.3429],
[-30.7681 ,-51.434],
[-30.3286 ,-51.5245],
[-29.8845 ,-51.6147],
[-29.4355 ,-51.7046],
[-28.9815 ,-51.7943],
[-28.5224 ,-51.8839],
[-28.0582 ,-51.9735],
[-27.5885 ,-52.0633],
[-27.1134 ,-52.1532],
[-26.6326 ,-52.2435],
[-26.1461 ,-52.3342],
[-25.6538 ,-52.4254],
[-25.1553 ,-52.5173],
[-24.6508 ,-52.6098],
[-24.14 ,-52.7032],
[-23.6227 ,-52.7975],
[-23.0989 ,-52.8929],
[-22.5685 ,-52.9893],
[-22.0312 ,-53.087],
[-21.487 ,-53.1861],
[-20.9357 ,-53.2865],
[-20.3772 ,-53.3885],
[-19.8114 ,-53.4921],
[-19.2382 ,-53.5975],
[-18.6573 ,-53.7047],
[-18.0687 ,-53.8138],
[-17.4722 ,-53.925],
[-16.8678 ,-54.0384],
[-16.2552 ,-54.1539],
[-15.6344 ,-54.2719],
[-15.0052 ,-54.3922],
[-14.3674 ,-54.5152],
[-13.7211 ,-54.6408],
[-13.0659 ,-54.7691],
[-12.4018 ,-54.9003],
[-11.7473 ,-55.0282],
[-10.9631 ,-55.1517],
[-10.1971 ,-55.2605],
[-9.44925 ,-55.355],
[-8.71909 ,-55.4354],
[-8.00635 ,-55.5021],
[-7.31072 ,-55.5554],
[-6.6319 ,-55.5957],
[-5.96956 ,-55.6233],
[-5.32339 ,-55.6385],
[-4.69306 ,-55.6417],
[-4.07825 ,-55.6331],
[-3.47864 ,-55.6131],
[-2.89388 ,-55.5821],
[-2.32365 ,-55.5404],
[-1.76761 ,-55.4883],
[-1.22541 ,-55.426],
[-0.696697 ,-55.3541],
[-0.181129 ,-55.2726],
[0.321653 ,-55.1821],
[0.812006 ,-55.0827],
[1.29029 ,-54.9749],
[1.75687 ,-54.8588],
[2.21211 ,-54.7348],
[2.65638 ,-54.6033],
[3.09004 ,-54.4643],
[3.51346 ,-54.3184],
[3.927 ,-54.1657],
[4.33104 ,-54.0064],
[4.72592 ,-53.841],
[5.11202 ,-53.6696],
[5.48969 ,-53.4925],
[5.85927 ,-53.31],
[6.22113 ,-53.1222],
[6.5756 ,-52.9296],
[6.92303 ,-52.7322],
[7.26375 ,-52.5304],
[7.5981 ,-52.3245],
[7.92641 ,-52.1146],
[8.249 ,-51.9011],
[8.56619 ,-51.6841],
[8.8783 ,-51.464],
[9.18565 ,-51.2409],
[9.48856 ,-51.0152],
[9.78733 ,-50.7872],
[10.0823 ,-50.557],
[10.3737 ,-50.3249],
[10.662 ,-50.0913],
[10.9473 ,-49.8563],
[11.2301 ,-49.6203],
[11.5106 ,-49.3836],
[11.7891 ,-49.1463],
[12.0661 ,-48.9089],
[12.3417 ,-48.6715],
[12.6163 ,-48.4346],
[12.8902 ,-48.1983],
[13.1638 ,-47.9629],
[13.4373 ,-47.7289],
[13.7112 ,-47.4964],
[13.9857 ,-47.2658],
[14.2612 ,-47.0373],
[14.5381 ,-46.8114],
[14.8165 ,-46.5883],
[15.097 ,-46.3684],
[15.3799 ,-46.1519],
[15.6654 ,-45.9393],
[15.954 ,-45.7309],
[16.2459 ,-45.5271],
[16.5416 ,-45.3282],
[16.8413 ,-45.1345],
[17.1454 ,-44.9466],
[17.4541 ,-44.7648],
[17.7679 ,-44.5894],
[18.087 ,-44.4209],
[18.4116 ,-44.2598],
[18.7421 ,-44.1065],
[19.0787 ,-43.9613],
[19.4217 ,-43.8247],
[19.7711 ,-43.6972],
[20.1273 ,-43.5791],
[20.4905 ,-43.4708],
[20.8607 ,-43.3728],
[21.2382 ,-43.2854],
[21.6231 ,-43.2091],
[22.0156 ,-43.1441],
[22.4158 ,-43.0907],
[22.8239 ,-43.0494],
[23.24 ,-43.0204],
[23.6642 ,-43.0039],
[24.2126 ,-43.0003],
[25.1616 ,-43.0091],
[26.0984 ,-43.0297],
[27.0231 ,-43.0616],
[27.9358 ,-43.1046],
[28.8364 ,-43.1581],
[29.725 ,-43.2217],
[30.6018 ,-43.2951],
[31.4666 ,-43.3778],
[32.3197 ,-43.4694],
[33.1611 ,-43.5695],
[33.9907 ,-43.6776],
[34.8088 ,-43.7934],
[35.6152 ,-43.9163],
[36.4102 ,-44.0461],
[37.1937 ,-44.1823],
[37.9658 ,-44.3244],
[38.7265 ,-44.472],
[39.4759 ,-44.6248],
[40.2142 ,-44.7822],
[40.9412 ,-44.9439],
[41.6571 ,-45.1095],
[42.362 ,-45.2785],
[43.0558 ,-45.4505],
[43.7387 ,-45.6251],
[44.4107 ,-45.8018],
[45.0718 ,-45.9803],
[45.7222 ,-46.1601],
[46.3618 ,-46.3408],
[46.9907 ,-46.522],
[47.609 ,-46.7032],
[48.2167 ,-46.884],
[48.8138 ,-47.0641],
[49.4004 ,-47.2429],
[49.9766 ,-47.4201],
[50.5424 ,-47.5952],
[51.0978 ,-47.7678],
[51.6429 ,-47.9375],
[52.1776 ,-48.1039],
[52.7021 ,-48.2665],
[53.2163 ,-48.425],
[53.7203 ,-48.5789],
[54.214 ,-48.7277],
[54.6976 ,-48.8711],
[55.1709 ,-49.0087],
[55.6341 ,-49.1401],
[56.087 ,-49.2648],
[56.5296 ,-49.3824],
[56.962 ,-49.4926],
[57.3842 ,-49.5949],
[57.7959 ,-49.689],
[58.1973 ,-49.7745],
[58.5882 ,-49.8511],
[58.9686 ,-49.9184],
[59.3384 ,-49.976],
[59.6975 ,-50.0238],
[60.0458 ,-50.0614],
[60.3833 ,-50.0887],
[60.7099 ,-50.1053],
[61.0256 ,-50.1111],
[61.3303 ,-50.106],
[61.6241 ,-50.09],
[61.9072 ,-50.0629],
[62.1796 ,-50.0246],
[62.4418 ,-49.9752],
[62.6941 ,-49.9146],
[62.937 ,-49.8427],
[63.1713 ,-49.7592],
[63.3975 ,-49.6639],
[63.6165 ,-49.5563],
[63.829 ,-49.4358],
[64.0359 ,-49.3018],
[64.2379 ,-49.1533],
[64.4356 ,-48.9895],
[64.6293 ,-48.8092],
[64.8195 ,-48.6115],
[65.0063 ,-48.3953],
[65.1897 ,-48.1598],
[65.3697 ,-47.9041],
[65.5461 ,-47.6273],
[65.7188 ,-47.3288],
[65.8876 ,-47.008],
[66.0522 ,-46.6644],
[66.2124 ,-46.2974],
[66.3681 ,-45.9066],
[66.5191 ,-45.4916],
[66.6651 ,-45.0521],
[66.8062 ,-44.5877],
[66.9421 ,-44.0981],
[66.9998 ,-43.8227],
[66.9973 ,-43.3012],
[66.9918 ,-42.7946],
[66.9833 ,-42.3029],
[66.9719 ,-41.8255],
[66.9574 ,-41.3623],
[66.94 ,-40.9128],
[66.9196 ,-40.4767],
[66.8963 ,-40.0538],
[66.8701 ,-39.6437],
[66.8409 ,-39.246],
[66.8088 ,-38.8604],
[66.7738 ,-38.4867],
[66.736 ,-38.1244],
[66.6953 ,-37.7733],
[66.6518 ,-37.433],
[66.6055 ,-37.1031],
[66.5563 ,-36.7834],
[66.5044 ,-36.4734],
[66.4498 ,-36.1728],
[66.3924 ,-35.8813],
[66.3323 ,-35.5984],
[66.2695 ,-35.3239],
[66.204 ,-35.0574],
[66.1358 ,-34.7983],
[66.065 ,-34.5465],
[65.9915 ,-34.3014],
[65.9154 ,-34.0627],
[65.8365 ,-33.8299],
[65.755 ,-33.6026],
[65.6708 ,-33.3805],
[65.5838 ,-33.1631],
[65.4941 ,-32.9499],
[65.4015 ,-32.7406],
[65.3061 ,-32.5348],
[65.2078 ,-32.3319],
[65.1065 ,-32.1317],
[65.0022 ,-31.9336],
[64.8948 ,-31.7374],
[64.7843 ,-31.5426],
[64.6705 ,-31.3487],
[64.5535 ,-31.1556],
[64.4331 ,-30.9627],
[64.3094 ,-30.7697],
[64.1823 ,-30.5762],
[64.0517 ,-30.382],
[63.9176 ,-30.1867],
[63.78 ,-29.9898],
[63.6389 ,-29.7912],
[63.4942 ,-29.5905],
[63.346 ,-29.3873],
[63.1942 ,-29.1814],
[63.0389 ,-28.9724],
[62.88 ,-28.76],
[62.7176 ,-28.5439],
[62.5517 ,-28.3238],
[62.3822 ,-28.0993],
[62.2093 ,-27.8702],
[62.033 ,-27.6362],
[61.8532 ,-27.3969],
[61.6701 ,-27.152],
[61.4836 ,-26.9013],
[61.2937 ,-26.6443],
[61.1005 ,-26.3809],
[60.904 ,-26.1106],
[60.7043 ,-25.8332],
[60.5014 ,-25.5483],
[60.2952 ,-25.2557],
[60.0859 ,-24.955],
[59.8734 ,-24.6459],
[59.6578 ,-24.3281],
[59.4391 ,-24.0013],
[59.2172 ,-23.6651],
[58.9923 ,-23.3192],
[58.7643 ,-22.9633],
[58.5333 ,-22.5971],
[58.2993 ,-22.2203],
[58.0622 ,-21.8324],
[57.8221 ,-21.4333],
[57.5789 ,-21.0226],
[57.3328 ,-20.5999],
[57.0837 ,-20.1649],
[56.8317 ,-19.7173],
[56.5766 ,-19.2568],
[56.3186 ,-18.783],
[56.0576 ,-18.2955],
[55.7936 ,-17.7942],
[55.5267 ,-17.2785],
[55.2568 ,-16.7482],
[55.0592 ,-16.4751],
[54.5404 ,-15.973],
[54.0313 ,-15.4977],
[53.5318 ,-15.0487],
[53.0417 ,-14.6255],
[52.561 ,-14.2275],
[52.0896 ,-13.8541],
[51.6273 ,-13.5048],
[51.174 ,-13.1789],
[50.7296 ,-12.8758],
[50.294 ,-12.5949],
[49.867 ,-12.3356],
[49.4485 ,-12.0972],
[49.0383 ,-11.8792],
[48.6362 ,-11.6808],
[48.2422 ,-11.5014],
[47.8559 ,-11.3403],
[47.4771 ,-11.1968],
[47.1056 ,-11.0704],
[46.741 ,-10.9603],
[46.3832 ,-10.8658],
[46.0317 ,-10.7864],
[45.6862 ,-10.7213],
[45.3463 ,-10.6701],
[45.0117 ,-10.632],
[44.6819 ,-10.6066],
[44.3566 ,-10.5933],
[44.0354 ,-10.5915],
[43.7179 ,-10.6009],
[43.4037 ,-10.621],
[43.0926 ,-10.6513],
[42.784 ,-10.6914],
[42.4779 ,-10.7409],
[42.1738 ,-10.7993],
[41.8716 ,-10.8663],
[41.571 ,-10.9414],
[41.2717 ,-11.0243],
[40.9737 ,-11.1145],
[40.6766 ,-11.2116],
[40.3804 ,-11.3151],
[40.0848 ,-11.4247],
[39.7897 ,-11.5398],
[39.495 ,-11.66],
[39.2005 ,-11.7849],
[38.9061 ,-11.9138],
[38.6117 ,-12.0464],
[38.3169 ,-12.1821],
[38.0218 ,-12.3205],
[37.7262 ,-12.4609],
[37.4298 ,-12.6029],
[37.1326 ,-12.7459],
[36.8343 ,-12.8895],
[36.5348 ,-13.033],
[36.2339 ,-13.1759],
[35.9313 ,-13.3176],
[35.6269 ,-13.4577],
[35.3206 ,-13.5954],
[35.0119 ,-13.7302],
[34.7009 ,-13.8615],
[34.3872 ,-13.9887],
[34.0706 ,-14.1112],
[33.7509 ,-14.2284],
[33.428 ,-14.3396],
[33.1015 ,-14.4441],
[32.7714 ,-14.5412],
[32.4374 ,-14.6304],
[32.0995 ,-14.7108],
[31.7574 ,-14.7818],
[31.4111 ,-14.8426],
[31.0605 ,-14.8926],
[30.7056 ,-14.931],
[30.3463 ,-14.9571],
[29.9827 ,-14.9702],
[29.6148 ,-14.9696],
[29.2427 ,-14.9547],
[28.8666 ,-14.9249],
[28.4865 ,-14.8796],
[28.1025 ,-14.8183],
[27.7148 ,-14.7404],
[27.3233 ,-14.6455],
[26.9283 ,-14.5331],
[26.5297 ,-14.4028],
[26.1275 ,-14.2543],
[25.7218 ,-14.0871],
[25.3124 ,-13.9008],
[24.8992 ,-13.695],
[24.4822 ,-13.4695],
[24.0611 ,-13.2237],
[23.6357 ,-12.9572],
[23.3731 ,-12.8007],
[23.0578 ,-12.6166],
[22.7529 ,-12.4141],
[22.4583 ,-12.1941],
[22.1734 ,-11.9579],
[21.8979 ,-11.7063],
[21.6313 ,-11.4402],
[21.3731 ,-11.1603],
[21.1228 ,-10.8674],
[20.8798 ,-10.5621],
[20.6437 ,-10.2449],
[20.4141 ,-9.91637],
[20.1904 ,-9.577],
[19.9724 ,-9.22729],
[19.7596 ,-8.86769],
[19.5517 ,-8.49868],
[19.3484 ,-8.1207],
[19.1493 ,-7.73421],
[18.9541 ,-7.33966],
[18.7627 ,-6.93751],
[18.5747 ,-6.52821],
[18.3899 ,-6.11223],
[18.208 ,-5.69002],
[18.0289 ,-5.26206],
[17.8523 ,-4.82882],
[17.6779 ,-4.39076],
[17.5057 ,-3.94838],
[17.3353 ,-3.50215],
[17.1666 ,-3.05256],
[16.9994 ,-2.60009],
[16.8335 ,-2.14525],
[16.6687 ,-1.68852],
[16.5048 ,-1.23042],
[16.3417 ,-0.771424],
[16.1792 ,-0.312056],
[16.017 ,0.147179],
[15.8551 ,0.605773],
[15.6932 ,1.06321],
[15.5313 ,1.51897],
[15.369 ,1.97254],
[15.2064 ,2.42339],
[15.0431 ,2.871],
[14.8791 ,3.31484],
[14.7141 ,3.75437],
[14.5482 ,4.18906],
[14.381 ,4.61838],
[14.2125 ,5.04177],
[14.0425 ,5.4587],
[13.8709 ,5.8686],
[13.6976 ,6.27093],
[13.5225 ,6.66514],
[13.3454 ,7.05065],
[13.1663 ,7.42691],
[12.9851 ,7.79334],
[12.8017 ,8.14937],
[12.6161 ,8.49444],
[12.4282 ,8.82798],
[12.238 ,9.1494],
[12.0455 ,9.45815],
[11.8508 ,9.75367],
[11.6538 ,10.0354],
[11.4548 ,10.3029],
[11.2538 ,10.5555],
[11.0509 ,10.793],
[10.8463 ,11.0147],
[10.6402 ,11.2205],
[10.4327 ,11.41],
[10.224 ,11.5831],
[10.0142 ,11.7398],
[9.80333 ,11.8799],
[9.59123 ,12.0038],
[9.37766 ,12.1115],
[9.16212 ,12.2033],
[8.94394 ,12.2796],
[8.7222 ,12.3403],
[8.49581 ,12.3857],
[8.26355 ,12.4153],
[8.02415 ,12.4289],
[7.77636 ,12.4258],
[7.51908 ,12.4051],
[7.25133 ,12.3659],
[6.97237 ,12.3069],
[6.68165 ,12.2271],
[6.37879 ,12.1252],
[6.06359 ,12.0002],
[5.73598 ,11.8511],
[5.39595 ,11.6769],
[5.04357 ,11.4767],
[4.67895 ,11.2497],
[4.03152 ,10.8152],
[3.27707 ,10.2916],
[2.55838 ,9.77464],
[1.87475 ,9.26424],
[1.22544 ,8.76036],
[0.609747 ,8.26297],
[0.0269334 ,7.77204],
[-0.523735 ,7.28752],
[-1.043 ,6.80939],
[-1.53161 ,6.33761],
[-1.99034 ,5.87215],
[-2.41995 ,5.41298],
[-2.82124 ,4.96006],
[-3.19499 ,4.51334],
[-3.54204 ,4.07276],
[-3.8632 ,3.63825],
[-4.15931 ,3.20972],
[-4.43123 ,2.78708],
[-4.67982 ,2.37018],
[-4.90596 ,1.95887],
[-5.1105 ,1.55295],
[-5.29433 ,1.15223],
[-5.4583 ,0.756435],
[-5.60327 ,0.365302],
[-5.73006 ,-0.021476],
[-5.83949 ,-0.404224],
[-5.93234 ,-0.783285],
[-6.00935 ,-1.15901],
[-6.07126 ,-1.53176],
[-6.11874 ,-1.90187],
[-6.15245 ,-2.2697],
[-6.17304 ,-2.63556],
[-6.1811 ,-2.99976],
[-6.17724 ,-3.36257],
[-6.16203 ,-3.72424],
[-6.13605 ,-4.085],
[-6.09987 ,-4.44504],
[-6.05407 ,-4.80454],
[-5.99921 ,-5.16366],
[-5.93588 ,-5.52251],
[-5.86468 ,-5.88123],
[-5.7862 ,-6.23991],
[-5.70107 ,-6.59866],
[-5.6099 ,-6.95757],
[-5.51335 ,-7.31672],
[-5.41204 ,-7.6762],
[-5.30664 ,-8.03609],
[-5.19782 ,-8.39648],
[-5.08626 ,-8.75746],
[-4.97264 ,-9.11914],
[-4.85766 ,-9.48161],
[-4.74202 ,-9.84498],
[-4.62644 ,-10.2094],
[-4.51164 ,-10.5749],
[-4.39835 ,-10.9417],
[-4.28732 ,-11.3099],
[-4.1793 ,-11.6796],
[-4.07505 ,-12.051],
[-3.97536 ,-12.4242],
[-3.881 ,-12.7995],
[-3.7928 ,-13.1768],
[-3.71157 ,-13.5564],
[-3.63815 ,-13.9385],
[-3.57339 ,-14.323],
[-3.51818 ,-14.7102],
[-3.47339 ,-15.1002],
[-3.43992 ,-15.4929],
[-3.4187 ,-15.8884],
[-3.41062 ,-16.2868],
[-3.4166 ,-16.6879],
[-3.43753 ,-17.0916],
[-3.47431 ,-17.4979],
[-3.52778 ,-17.9066],
[-3.59876 ,-18.3174],
[-3.68803 ,-18.7301],
[-3.79631 ,-19.1445],
[-3.92429 ,-19.5603],
[-4.0726 ,-19.9773],
[-4.24183 ,-20.3954],
[-4.43252 ,-20.8142],
[-4.6452 ,-21.2337],
[-4.88037 ,-21.6538],
[-5.13853 ,-22.0744],
[-5.42017 ,-22.4955],
[-5.7258 ,-22.9173],
[-6.05593 ,-23.3397],
[-6.41111 ,-23.7629],
[-6.79189 ,-24.1871],
[-7.19884 ,-24.6124],
[-8.32259 ,-25.1557],
[-9.12381 ,-25.3979],
[-9.90296 ,-25.6137],
[-10.6606 ,-25.8037],
[-11.3974 ,-25.9685],
[-12.1138 ,-26.1086],
[-12.8105 ,-26.2245],
[-13.4879 ,-26.3168],
[-14.1467 ,-26.3861],
[-14.7873 ,-26.4328],
[-15.4102 ,-26.4575],
[-16.0158 ,-26.4606],
[-16.6047 ,-26.4429],
[-17.177 ,-26.4047],
[-17.7334 ,-26.3467],
[-18.274 ,-26.2694],
[-18.7991 ,-26.1734],
[-19.3092 ,-26.0595],
[-19.8045 ,-25.9282],
[-20.2852 ,-25.7803],
[-20.7516 ,-25.6166],
[-21.2041 ,-25.4378],
[-21.643 ,-25.2447],
[-22.0686 ,-25.0382],
[-22.4813 ,-24.8192],
[-22.8815 ,-24.5884],
[-23.2697 ,-24.3469],
[-23.6464 ,-24.0953],
[-24.012 ,-23.8347],
[-24.3671 ,-23.5658],
[-24.7123 ,-23.2894],
[-25.0482 ,-23.0064],
[-25.3753 ,-22.7176],
[-25.6943 ,-22.4237],
[-26.0057 ,-22.1255],
[-26.3102 ,-21.8238],
[-26.6084 ,-21.5192],
[-26.9008 ,-21.2125],
[-27.1881 ,-20.9043],
[-27.4709 ,-20.5954],
[-27.7498 ,-20.2865],
[-28.0252 ,-19.9783],
[-28.2978 ,-19.6713],
[-28.5682 ,-19.3663],
[-28.8368 ,-19.0639],
[-29.1042 ,-18.7648],
[-29.3709 ,-18.4697],
[-29.6374 ,-18.1791],
[-29.9041 ,-17.8937],
[-30.1717 ,-17.6142],
[-30.4404 ,-17.3411],
[-30.7109 ,-17.0751],
[-30.9835 ,-16.8166],
[-31.2586 ,-16.5664],
[-31.5368 ,-16.3248],
[-31.8185 ,-16.0925],
[-32.1041 ,-15.8699],
[-32.3942 ,-15.6574],
[-32.6892 ,-15.4555],
[-32.9897 ,-15.2646],
[-33.2962 ,-15.085],
[-33.6095 ,-14.9172],
[-33.9301 ,-14.7615],
[-34.2588 ,-14.6182],
[-34.5964 ,-14.4877],
[-34.9438 ,-14.3705],
[-35.3017 ,-14.2669],
[-35.6712 ,-14.1775],
[-36.0531 ,-14.1029],
[-36.4483 ,-14.0436],
[-36.8578 ,-14.0003],
[-37.2824 ,-13.9738],
[-37.7229 ,-13.9647],
[-38.1802 ,-13.9738],
[-38.6549 ,-14.0021],
[-39.1478 ,-14.0502],
[-39.6595 ,-14.119],
[-40.1907 ,-14.2094],
[-40.7419 ,-14.3222],
[-41.3136 ,-14.4582],
[-41.9064 ,-14.6181],
[-42.5207 ,-14.8027],
[-43.1571 ,-15.0129],
[-43.816 ,-15.2494],
[-44.4979 ,-15.5128],
[-45.2033 ,-15.8039],
[-45.9326 ,-16.1234],
[-46.6862 ,-16.4721],
[-47.4647 ,-16.8505],
[-47.7718 ,-17.0072],
[-48.019 ,-17.1424],
[-48.2671 ,-17.2862],
[-48.5156 ,-17.4385],
[-48.7644 ,-17.5992],
[-49.0133 ,-17.7682],
[-49.2619 ,-17.9452],
[-49.5102 ,-18.1301],
[-49.7578 ,-18.3228],
[-50.0045 ,-18.5231],
[-50.2502 ,-18.7308],
[-50.4946 ,-18.9457],
[-50.7375 ,-19.1677],
[-50.9787 ,-19.3966],
[-51.218 ,-19.6322],
[-51.4551 ,-19.8743],
[-51.69 ,-20.1229],
[-51.9224 ,-20.3776],
[-52.1521 ,-20.6383],
[-52.3789 ,-20.9048],
[-52.6026 ,-21.177],
[-52.823 ,-21.4546],
[-53.04 ,-21.7375],
[-53.2533 ,-22.0255],
[-53.4628 ,-22.3184],
[-53.6683 ,-22.616],
[-53.8696 ,-22.9181],
[-54.0665 ,-23.2246],
[-54.2589 ,-23.5353],
[-54.4465 ,-23.8499],
[-54.6292 ,-24.1684],
[-54.8069 ,-24.4904],
[-54.9793 ,-24.8159],
[-55.1463 ,-25.1446],
[-55.3076 ,-25.4763],
[-55.4633 ,-25.8109],
[-55.6129 ,-26.1481],
[-55.7565 ,-26.4879],
[-55.8938 ,-26.8299],
[-56.0247 ,-27.174],
[-56.149 ,-27.5201],
[-56.2666 ,-27.8678],
[-56.3772 ,-28.2171],
[-56.4808 ,-28.5678],
[-56.5772 ,-28.9196],
[-56.6662 ,-29.2724],
[-56.7476 ,-29.626],
[-56.8215 ,-29.9802],
[-56.8874 ,-30.3348],
[-56.9455 ,-30.6896],
[-56.9954 ,-31.0445],
[-57.0371 ,-31.3993],
[-57.0705 ,-31.7538],
[-57.0953 ,-32.1079],
[-57.1114 ,-32.4613],
[-57.1188 ,-32.8139],
[-57.1173 ,-33.1655],
[-57.1067 ,-33.5161],
[-57.0869 ,-33.8653],
[-57.0579 ,-34.2132],
[-57.0194 ,-34.5595],
[-56.9713 ,-34.904],
[-56.9135 ,-35.2468],
[-56.8459 ,-35.5876],
[-56.7683 ,-35.9264],
[-56.6806 ,-36.2629],
[-56.5826 ,-36.5972],
[-56.4742 ,-36.9291],
[-56.3552 ,-37.2584],
[-56.2255 ,-37.5852],
[-56.0848 ,-37.9093],
[-55.933 ,-38.2306],
[-55.77 ,-38.5491],
[-55.5954 ,-38.8646],
[-55.4092 ,-39.177],
[-55.211 ,-39.4863],
[-55.0007 ,-39.7924],
[-54.7781 ,-40.0951],
[-54.5428 ,-40.3943],
[-54.2948 ,-40.69],
[-54.0337 ,-40.982],
[-53.7593 ,-41.2702],
[-53.4713 ,-41.5544],
[-53.1696 ,-41.8345],
[-52.8538 ,-42.1104],
[-52.5237 ,-42.3818],
[-52.1791 ,-42.6487],
[-51.8197 ,-42.9108],
[-51 ,-43]

];
for(var i = 0; i < values.length; i++) {
  values[i][0] = (values[i][0]+75) * 3.0;
  values[i][1] = (values[i][1]+200) * 1.5;
  ctx.beginPath();
  ctx.arc(Math.round(values[i][0]), Math.round(values[i][1]), 1.0, 0, 2 * Math.PI, false);
  ctx.fill();
  ctx.lineWidth = 5;
  ctx.strokeStyle = '#003300';
  ctx.stroke();

  ctx.lineWidth = 1;
  ctx.strokeStyle = 'black';
  ctx.beginPath();
  ctx.moveTo(Math.round(values[i][0]), Math.round(values[i][1]));
  ctx.lineTo(Math.round(values[i][0]), Math.round(values[i][1]-80));
  ctx.stroke();
}
for(var i = 0; i < values.length; i++) {

  ctx.beginPath();
  ctx.arc(Math.round(values[i][0]), Math.round(values[i][1]-80), 1.0, 0, 2 * Math.PI, false);
  ctx.fill();
  ctx.lineWidth = 5;
  ctx.strokeStyle = 'red';
  ctx.stroke();
}
</script> 

</body>
</html>